jaar;leeftijd;mannen;totaal ;vrouwen
1988;0;114;239;125
1988;1;117;265;148
1988;2;139;244;105
1988;3;126;233;107
1988;4;124;231;107
1988;5;124;248;124
1988;6;110;239;129
1988;7;132;248;116
1988;8;117;265;148
1988;9;143;295;152
1988;10;133;280;147
1988;11;134;276;142
1988;12;167;334;167
1988;13;149;310;161
1988;14;164;327;163
1988;15;187;357;170
1988;16;208;393;185
1988;17;218;440;222
1988;18;197;410;213
1988;19;192;397;205
1988;20;205;351;146
1988;21;178;363;185
1988;22;202;366;164
1988;23;181;354;173
1988;24;169;319;150
1988;25;174;336;162
1988;26;146;301;155
1988;27;147;278;131
1988;28;163;316;153
1988;29;158;317;159
1988;30;144;295;151
1988;31;156;296;140
1988;32;167;330;163
1988;33;164;334;170
1988;34;173;336;163
1988;35;188;333;145
1988;36;162;335;173
1988;37;177;361;184
1988;38;208;413;205
1988;39;212;453;241
1988;40;239;491;252
1988;41;251;481;230
1988;42;172;342;170
1988;43;201;418;217
1988;44;203;393;190
1988;45;141;310;169
1988;46;155;325;170
1988;47;164;339;175
1988;48;157;334;177
1988;49;162;317;155
1988;50;150;302;152
1988;51;158;316;158
1988;52;132;283;151
1988;53;129;278;149
1988;54;153;319;166
1988;55;153;310;157
1988;56;145;315;170
1988;57;142;323;181
1988;58;141;307;166
1988;59;125;276;151
1988;60;131;291;160
1988;61;137;275;138
1988;62;129;288;159
1988;63;135;310;175
1988;64;116;294;178
1988;65;120;282;162
1988;66;125;290;165
1988;67;131;297;166
1988;68;112;254;142
1988;69;101;244;143
1988;70;95;263;168
1988;71;88;234;146
1988;72;94;227;133
1988;73;93;248;155
1988;74;93;230;137
1988;75;81;255;174
1988;76;82;235;153
1988;77;68;200;132
1988;78;85;261;176
1988;79;55;182;127
1988;80;60;187;127
1988;81;63;188;125
1988;82;39;160;121
1988;83;44;150;106
1988;84;29;131;102
1988;85;28;121;93
1988;86;23;99;76
1988;87;11;81;70
1988;88;16;86;70
1988;89;14;73;59
1988;90;9;54;45
1988;91;8;43;35
1988;92;8;35;27
1988;93;5;30;25
1988;94;4;20;16
1988;95;;;
1988;96;;;
1988;97;;;
1988;98;;;
1988;99;;;
1989;0;116;253;137
1989;1;119;245;126
1989;2;122;270;148
1989;3;143;252;109
1989;4;129;239;110
1989;5;122;232;110
1989;6;123;243;120
1989;7;115;249;134
1989;8;138;251;113
1989;9;122;267;145
1989;10;142;296;154
1989;11;139;287;148
1989;12;138;280;142
1989;13;175;343;168
1989;14;150;316;166
1989;15;171;335;164
1989;16;193;370;177
1989;17;211;394;183
1989;18;223;444;221
1989;19;195;412;217
1989;20;187;382;195
1989;21;193;331;138
1989;22;170;337;167
1989;23;187;338;151
1989;24;169;330;161
1989;25;163;312;149
1989;26;162;311;149
1989;27;138;290;152
1989;28;144;271;127
1989;29;170;322;152
1989;30;158;327;169
1989;31;154;308;154
1989;32;168;316;148
1989;33;170;339;169
1989;34;171;350;179
1989;35;171;340;169
1989;36;189;334;145
1989;37;156;338;182
1989;38;181;375;194
1989;39;214;425;211
1989;40;222;468;246
1989;41;246;498;252
1989;42;249;477;228
1989;43;175;346;171
1989;44;198;419;221
1989;45;193;381;188
1989;46;140;308;168
1989;47;156;332;176
1989;48;167;342;175
1989;49;158;333;175
1989;50;158;316;158
1989;51;149;304;155
1989;52;164;328;164
1989;53;134;283;149
1989;54;127;274;147
1989;55;156;322;166
1989;56;155;314;159
1989;57;143;313;170
1989;58;141;318;177
1989;59;144;310;166
1989;60;121;270;149
1989;61;129;289;160
1989;62;135;272;137
1989;63;130;290;160
1989;64;132;302;170
1989;65;112;287;175
1989;66;115;278;163
1989;67;124;290;166
1989;68;127;294;167
1989;69;105;246;141
1989;70;102;245;143
1989;71;90;255;165
1989;72;85;231;146
1989;73;88;219;131
1989;74;89;243;154
1989;75;90;224;134
1989;76;77;243;166
1989;77;82;232;150
1989;78;63;190;127
1989;79;83;254;171
1989;80;43;170;127
1989;81;54;181;127
1989;82;56;175;119
1989;83;35;149;114
1989;84;33;138;105
1989;85;22;118;96
1989;86;27;112;85
1989;87;17;85;68
1989;88;8;72;64
1989;89;12;71;59
1989;90;10;60;50
1989;91;8;48;40
1989;92;6;34;28
1989;93;4;24;20
1989;94;4;25;21
1989;95;;;
1989;96;;;
1989;97;;;
1989;98;;;
1989;99;;;
1990;0;129;270;141
1990;1;121;268;147
1990;2;123;257;134
1990;3;131;273;142
1990;4;143;262;119
1990;5;137;244;107
1990;6;121;235;114
1990;7;129;254;125
1990;8;114;246;132
1990;9;139;257;118
1990;10;124;264;140
1990;11;140;291;151
1990;12;140;288;148
1990;13;140;279;139
1990;14;177;342;165
1990;15;152;322;170
1990;16;176;342;166
1990;17;204;385;181
1990;18;210;401;191
1990;19;211;423;212
1990;20;197;401;204
1990;21;168;357;189
1990;22;185;310;125
1990;23;166;312;146
1990;24;158;290;132
1990;25;156;284;128
1990;26;154;300;146
1990;27;150;311;161
1990;28;140;304;164
1990;29;148;287;139
1990;30;174;348;174
1990;31;165;345;180
1990;32;165;317;152
1990;33;173;324;151
1990;34;188;361;173
1990;35;168;356;188
1990;36;183;353;170
1990;37;194;339;145
1990;38;170;357;187
1990;39;188;382;194
1990;40;211;428;217
1990;41;222;470;248
1990;42;246;504;258
1990;43;250;481;231
1990;44;173;351;178
1990;45;199;421;222
1990;46;198;384;186
1990;47;138;310;172
1990;48;158;334;176
1990;49;168;348;180
1990;50;161;336;175
1990;51;154;314;160
1990;52;156;311;155
1990;53;164;325;161
1990;54;131;281;150
1990;55;122;267;145
1990;56;146;311;165
1990;57;152;311;159
1990;58;136;301;165
1990;59;141;315;174
1990;60;147;308;161
1990;61;119;265;146
1990;62;126;287;161
1990;63;133;268;135
1990;64;131;291;160
1990;65;127;296;169
1990;66;111;283;172
1990;67;114;271;157
1990;68;118;278;160
1990;69;123;287;164
1990;70;101;243;142
1990;71;98;237;139
1990;72;87;253;166
1990;73;80;221;141
1990;74;85;217;132
1990;75;86;242;156
1990;76;86;215;129
1990;77;72;231;159
1990;78;78;219;141
1990;79;60;184;124
1990;80;72;244;172
1990;81;41;162;121
1990;82;50;171;121
1990;83;47;158;111
1990;84;31;132;101
1990;85;30;126;96
1990;86;19;105;86
1990;87;26;107;81
1990;88;16;83;67
1990;89;6;60;54
1990;90;8;61;53
1990;91;6;50;44
1990;92;4;42;38
1990;93;3;27;24
1990;94;2;20;18
1990;95;;;
1990;96;;;
1990;97;;;
1990;98;;;
1990;99;;;
1991;0;159;292;133
1991;1;137;288;151
1991;2;133;282;149
1991;3;131;274;143
1991;4;143;287;144
1991;5;145;266;121
1991;6;146;262;116
1991;7;131;251;120
1991;8;135;262;127
1991;9;117;258;141
1991;10;146;263;117
1991;11;127;273;146
1991;12;139;293;154
1991;13;139;289;150
1991;14;134;277;143
1991;15;176;343;167
1991;16;156;325;169
1991;17;173;344;171
1991;18;208;384;176
1991;19;199;383;184
1991;20;208;397;189
1991;21;184;370;186
1991;22;152;309;157
1991;23;172;301;129
1991;24;159;303;144
1991;25;152;281;129
1991;26;154;293;139
1991;27;153;296;143
1991;28;162;334;172
1991;29;149;339;190
1991;30;162;315;153
1991;31;185;367;182
1991;32;169;350;181
1991;33;176;334;158
1991;34;186;352;166
1991;35;201;384;183
1991;36;186;379;193
1991;37;186;374;188
1991;38;202;358;156
1991;39;178;371;193
1991;40;189;385;196
1991;41;218;436;218
1991;42;224;476;252
1991;43;254;516;262
1991;44;256;490;234
1991;45;171;355;184
1991;46;205;422;217
1991;47;199;387;188
1991;48;139;306;167
1991;49;158;339;181
1991;50;165;342;177
1991;51;163;344;181
1991;52;150;311;161
1991;53;156;312;156
1991;54;163;327;164
1991;55;137;286;149
1991;56;119;261;142
1991;57;143;309;166
1991;58;147;308;161
1991;59;138;303;165
1991;60;141;311;170
1991;61;144;304;160
1991;62;114;261;147
1991;63;123;284;161
1991;64;132;269;137
1991;65;131;293;162
1991;66;123;295;172
1991;67;111;285;174
1991;68;111;266;155
1991;69;119;274;155
1991;70;119;286;167
1991;71;97;234;137
1991;72;91;231;140
1991;73;82;246;164
1991;74;75;212;137
1991;75;81;214;133
1991;76;83;241;158
1991;77;83;210;127
1991;78;68;228;160
1991;79;69;204;135
1991;80;56;170;114
1991;81;67;224;157
1991;82;37;155;118
1991;83;45;159;114
1991;84;40;141;101
1991;85;28;123;95
1991;86;29;122;93
1991;87;19;94;75
1991;88;23;93;70
1991;89;12;68;56
1991;90;5;53;48
1991;91;8;51;43
1991;92;4;34;30
1991;93;4;37;33
1991;94;2;17;15
1991;95;;;
1991;96;;;
1991;97;;;
1991;98;;;
1991;99;;;
1992;0;137;288;151
1992;1;163;304;141
1992;2;136;295;159
1992;3;132;284;152
1992;4;136;278;142
1992;5;142;285;143
1992;6;139;257;118
1992;7;140;259;119
1992;8;129;250;121
1992;9;137;267;130
1992;10;122;261;139
1992;11;142;253;111
1992;12;129;276;147
1992;13;147;300;153
1992;14;137;296;159
1992;15;135;278;143
1992;16;174;341;167
1992;17;157;327;170
1992;18;167;341;174
1992;19;201;368;167
1992;20;180;349;169
1992;21;186;367;181
1992;22;175;353;178
1992;23;144;273;129
1992;24;159;273;114
1992;25;134;280;146
1992;26;132;258;126
1992;27;153;289;136
1992;28;149;301;152
1992;29;165;344;179
1992;30;161;359;198
1992;31;161;318;157
1992;32;189;375;186
1992;33;178;359;181
1992;34;184;347;163
1992;35;190;359;169
1992;36;199;391;192
1992;37;189;385;196
1992;38;191;377;186
1992;39;203;359;156
1992;40;172;364;192
1992;41;190;396;206
1992;42;223;449;226
1992;43;225;484;259
1992;44;255;518;263
1992;45;254;492;238
1992;46;174;356;182
1992;47;196;407;211
1992;48;204;389;185
1992;49;136;300;164
1992;50;157;335;178
1992;51;162;342;180
1992;52;163;348;185
1992;53;146;308;162
1992;54;155;309;154
1992;55;167;331;164
1992;56;137;288;151
1992;57;116;259;143
1992;58;138;302;164
1992;59;147;306;159
1992;60;137;301;164
1992;61;141;312;171
1992;62;142;300;158
1992;63;108;253;145
1992;64;121;279;158
1992;65;127;264;137
1992;66;127;292;165
1992;67;120;292;172
1992;68;112;286;174
1992;69;107;265;158
1992;70;118;272;154
1992;71;112;279;167
1992;72;94;234;140
1992;73;85;227;142
1992;74;79;243;164
1992;75;73;209;136
1992;76;79;207;128
1992;77;75;233;158
1992;78;77;203;126
1992;79;58;212;154
1992;80;63;195;132
1992;81;54;163;109
1992;82;62;210;148
1992;83;33;142;109
1992;84;42;156;114
1992;85;37;132;95
1992;86;26;112;86
1992;87;24;105;81
1992;88;21;83;62
1992;89;16;83;67
1992;90;12;62;50
1992;91;3;44;41
1992;92;7;42;35
1992;93;2;25;23
1992;94;2;23;21
1992;95;;;
1992;96;;;
1992;97;;;
1992;98;;;
1992;99;;;
1993;0;139;284;145
1993;1;145;294;149
1993;2;163;304;141
1993;3;141;296;155
1993;4;136;291;155
1993;5;131;272;141
1993;6;148;297;149
1993;7;142;258;116
1993;8;138;256;118
1993;9;130;255;125
1993;10;137;270;133
1993;11;129;272;143
1993;12;141;256;115
1993;13;133;285;152
1993;14;150;300;150
1993;15;137;297;160
1993;16;136;280;144
1993;17;176;343;167
1993;18;152;319;167
1993;19;148;313;165
1993;20;184;342;158
1993;21;166;316;150
1993;22;174;337;163
1993;23;161;316;155
1993;24;139;262;123
1993;25;156;257;101
1993;26;116;250;134
1993;27;132;265;133
1993;28;160;297;137
1993;29;148;310;162
1993;30;173;361;188
1993;31;164;364;200
1993;32;168;328;160
1993;33;186;374;188
1993;34;181;361;180
1993;35;188;356;168
1993;36;194;368;174
1993;37;195;385;190
1993;38;185;387;202
1993;39;187;373;186
1993;40;202;358;156
1993;41;180;373;193
1993;42;197;402;205
1993;43;224;451;227
1993;44;223;480;257
1993;45;254;501;247
1993;46;255;487;232
1993;47;173;354;181
1993;48;197;408;211
1993;49;196;381;185
1993;50;133;294;161
1993;51;156;336;180
1993;52;158;339;181
1993;53;161;344;183
1993;54;144;300;156
1993;55;148;305;157
1993;56;162;323;161
1993;57;137;284;147
1993;58;111;247;136
1993;59;136;301;165
1993;60;143;300;157
1993;61;132;289;157
1993;62;138;308;170
1993;63;134;289;155
1993;64;105;249;144
1993;65;116;274;158
1993;66;125;259;134
1993;67;119;287;168
1993;68;120;289;169
1993;69;109;281;172
1993;70;104;265;161
1993;71;113;260;147
1993;72;107;271;164
1993;73;89;226;137
1993;74;84;220;136
1993;75;74;233;159
1993;76;72;209;137
1993;77;78;203;125
1993;78;71;218;147
1993;79;69;194;125
1993;80;56;206;150
1993;81;56;183;127
1993;82;52;157;105
1993;83;53;197;144
1993;84;30;128;98
1993;85;42;153;111
1993;86;33;118;85
1993;87;22;100;78
1993;88;21;95;74
1993;89;16;68;52
1993;90;13;66;53
1993;91;11;55;44
1993;92;2;34;32
1993;93;4;32;28
1993;94;1;20;19
1993;95;;;
1993;96;;;
1993;97;;;
1993;98;;;
1993;99;;;
1994;0;148;280;132
1994;1;136;287;151
1994;2;155;306;151
1994;3;164;310;146
1994;4;141;306;165
1994;5;141;292;151
1994;6;133;282;149
1994;7;150;306;156
1994;8;145;262;117
1994;9;140;264;124
1994;10;134;260;126
1994;11;138;272;134
1994;12;131;271;140
1994;13;143;261;118
1994;14;137;293;156
1994;15;149;302;153
1994;16;141;299;158
1994;17;139;286;147
1994;18;171;339;168
1994;19;145;305;160
1994;20;142;287;145
1994;21;159;293;134
1994;22;171;312;141
1994;23;163;305;142
1994;24;147;296;149
1994;25;133;256;123
1994;26;133;234;101
1994;27;115;257;142
1994;28;121;246;125
1994;29;153;288;135
1994;30;143;305;162
1994;31;185;372;187
1994;32;165;371;206
1994;33;171;341;170
1994;34;187;388;201
1994;35;185;369;184
1994;36;193;366;173
1994;37;199;373;174
1994;38;198;395;197
1994;39;186;392;206
1994;40;192;384;192
1994;41;208;367;159
1994;42;181;372;191
1994;43;196;401;205
1994;44;222;449;227
1994;45;216;475;259
1994;46;254;506;252
1994;47;251;483;232
1994;48;177;353;176
1994;49;191;401;210
1994;50;195;379;184
1994;51;128;291;163
1994;52;152;333;181
1994;53;157;338;181
1994;54;160;348;188
1994;55;137;296;159
1994;56;146;302;156
1994;57;163;323;160
1994;58;131;275;144
1994;59;112;248;136
1994;60;137;299;162
1994;61;140;294;154
1994;62;127;281;154
1994;63;132;300;168
1994;64;132;285;153
1994;65;105;246;141
1994;66;112;268;156
1994;67;124;260;136
1994;68;115;279;164
1994;69;123;294;171
1994;70;109;278;169
1994;71;102;255;153
1994;72;104;248;144
1994;73;105;269;164
1994;74;82;216;134
1994;75;81;213;132
1994;76;71;228;157
1994;77;67;196;129
1994;78;72;195;123
1994;79;63;201;138
1994;80;63;182;119
1994;81;48;187;139
1994;82;50;165;115
1994;83;47;143;96
1994;84;45;171;126
1994;85;26;112;86
1994;86;37;137;100
1994;87;29;109;80
1994;88;19;88;69
1994;89;20;84;64
1994;90;14;60;46
1994;91;9;61;52
1994;92;6;41;35
1994;93;2;28;26
1994;94;4;25;21
1994;95;;;
1994;96;;;
1994;97;;;
1994;98;;;
1994;99;;;
1995;0;123;285;162
1995;1;152;288;136
1995;2;143;293;150
1995;3;155;308;153
1995;4;164;312;148
1995;5;145;306;161
1995;6;144;293;149
1995;7;137;289;152
1995;8;156;309;153
1995;9;144;262;118
1995;10;142;269;127
1995;11;133;257;124
1995;12;142;276;134
1995;13;137;273;136
1995;14;148;270;122
1995;15;134;290;156
1995;16;146;299;153
1995;17;142;305;163
1995;18;136;279;143
1995;19;170;322;152
1995;20;137;281;144
1995;21;130;272;142
1995;22;147;259;112
1995;23;164;286;122
1995;24;138;258;120
1995;25;134;271;137
1995;26;112;230;118
1995;27;124;221;97
1995;28;113;255;142
1995;29;127;266;139
1995;30;162;314;152
1995;31;140;304;164
1995;32;172;369;197
1995;33;169;376;207
1995;34;176;351;175
1995;35;199;398;199
1995;36;190;381;191
1995;37;194;373;179
1995;38;206;392;186
1995;39;204;399;195
1995;40;189;392;203
1995;41;194;389;195
1995;42;212;368;156
1995;43;179;369;190
1995;44;199;408;209
1995;45;224;452;228
1995;46;219;477;258
1995;47;245;503;258
1995;48;251;490;239
1995;49;178;356;178
1995;50;191;407;216
1995;51;187;370;183
1995;52;132;293;161
1995;53;153;336;183
1995;54;153;334;181
1995;55;164;352;188
1995;56;134;293;159
1995;57;145;299;154
1995;58;161;316;155
1995;59;133;276;143
1995;60;109;245;136
1995;61;132;297;165
1995;62;140;291;151
1995;63;126;276;150
1995;64;131;297;166
1995;65;129;282;153
1995;66;101;241;140
1995;67;109;260;151
1995;68;118;253;135
1995;69;114;278;164
1995;70;122;296;174
1995;71;109;274;165
1995;72;98;249;151
1995;73;103;243;140
1995;74;101;260;159
1995;75;76;209;133
1995;76;75;203;128
1995;77;71;223;152
1995;78;60;185;125
1995;79;67;189;122
1995;80;59;185;126
1995;81;60;173;113
1995;82;41;171;130
1995;83;41;149;108
1995;84;41;134;93
1995;85;36;154;118
1995;86;24;93;69
1995;87;29;109;80
1995;88;27;98;71
1995;89;14;77;63
1995;90;16;70;54
1995;91;11;46;35
1995;92;6;46;40
1995;93;5;34;29
1995;94;2;23;21
1995;95;;;
1995;96;;;
1995;97;;;
1995;98;;;
1995;99;;;
1996;0;139;280;141
1996;1;132;300;168
1996;2;155;294;139
1996;3;148;310;162
1996;4;152;304;152
1996;5;160;315;155
1996;6;154;316;162
1996;7;148;302;154
1996;8;136;287;151
1996;9;157;304;147
1996;10;147;262;115
1996;11;139;267;128
1996;12;130;254;124
1996;13;141;277;136
1996;14;140;277;137
1996;15;153;276;123
1996;16;132;287;155
1996;17;145;299;154
1996;18;142;296;154
1996;19;129;263;134
1996;20;164;316;152
1996;21;132;255;123
1996;22;117;238;121
1996;23;132;235;103
1996;24;148;239;91
1996;25;126;229;103
1996;26;130;260;130
1996;27;109;233;124
1996;28;124;222;98
1996;29;106;250;144
1996;30;124;274;150
1996;31;150;304;154
1996;32;147;325;178
1996;33;190;389;199
1996;34;179;393;214
1996;35;179;360;181
1996;36;207;404;197
1996;37;193;391;198
1996;38;197;376;179
1996;39;213;396;183
1996;40;202;401;199
1996;41;194;398;204
1996;42;192;380;188
1996;43;209;367;158
1996;44;173;369;196
1996;45;203;410;207
1996;46;222;453;231
1996;47;216;477;261
1996;48;247;510;263
1996;49;248;480;232
1996;50;175;346;171
1996;51;188;406;218
1996;52;189;377;188
1996;53;138;300;162
1996;54;152;336;184
1996;55;154;334;180
1996;56;170;355;185
1996;57;133;293;160
1996;58;143;298;155
1996;59;161;316;155
1996;60;128;276;148
1996;61;106;238;132
1996;62;133;297;164
1996;63;136;291;155
1996;64;128;276;148
1996;65;131;297;166
1996;66;126;278;152
1996;67;100;243;143
1996;68;106;264;158
1996;69;118;255;137
1996;70;113;276;163
1996;71;118;296;178
1996;72;112;277;165
1996;73;103;259;156
1996;74;95;236;141
1996;75;98;251;153
1996;76;75;208;133
1996;77;65;200;135
1996;78;73;221;148
1996;79;52;175;123
1996;80;61;175;114
1996;81;59;190;131
1996;82;51;157;106
1996;83;38;163;125
1996;84;35;139;104
1996;85;33;119;86
1996;86;32;141;109
1996;87;21;86;65
1996;88;28;95;67
1996;89;21;86;65
1996;90;13;65;52
1996;91;14;57;43
1996;92;9;37;28
1996;93;3;35;32
1996;94;5;26;21
1996;95;;;
1996;96;;;
1996;97;;;
1996;98;;;
1996;99;;;
1997;0;132;286;154
1997;1;148;292;144
1997;2;135;299;164
1997;3;164;301;137
1997;4;150;317;167
1997;5;163;310;147
1997;6;163;323;160
1997;7;154;319;165
1997;8;150;309;159
1997;9;139;290;151
1997;10;157;306;149
1997;11;155;274;119
1997;12;137;263;126
1997;13;134;259;125
1997;14;146;292;146
1997;15;140;276;136
1997;16;152;275;123
1997;17;131;292;161
1997;18;144;297;153
1997;19;135;287;152
1997;20;127;249;122
1997;21;151;294;143
1997;22;114;225;111
1997;23;108;227;119
1997;24;115;206;91
1997;25;130;221;91
1997;26;103;195;92
1997;27;126;256;130
1997;28;107;239;132
1997;29;128;238;110
1997;30;113;262;149
1997;31;120;277;157
1997;32;152;318;166
1997;33;159;345;186
1997;34;196;408;212
1997;35;188;407;219
1997;36;186;381;195
1997;37;220;420;200
1997;38;201;399;198
1997;39;199;374;175
1997;40;212;400;188
1997;41;204;407;203
1997;42;186;392;206
1997;43;193;386;193
1997;44;212;370;158
1997;45;172;364;192
1997;46;203;408;205
1997;47;223;458;235
1997;48;210;463;253
1997;49;246;515;269
1997;50;248;480;232
1997;51;178;345;167
1997;52;191;407;216
1997;53;186;373;187
1997;54;138;301;163
1997;55;158;333;175
1997;56;147;323;176
1997;57;168;355;187
1997;58;129;286;157
1997;59;138;290;152
1997;60;162;314;152
1997;61;127;272;145
1997;62;105;235;130
1997;63;131;292;161
1997;64;130;286;156
1997;65;129;279;150
1997;66;128;296;168
1997;67;124;277;153
1997;68;101;245;144
1997;69;108;264;156
1997;70;114;252;138
1997;71;111;271;160
1997;72;114;297;183
1997;73;106;271;165
1997;74;105;264;159
1997;75;90;233;143
1997;76;98;251;153
1997;77;70;199;129
1997;78;61;191;130
1997;79;69;217;148
1997;80;48;165;117
1997;81;54;168;114
1997;82;55;183;128
1997;83;45;142;97
1997;84;28;148;120
1997;85;31;130;99
1997;86;25;103;78
1997;87;32;128;96
1997;88;17;77;60
1997;89;23;77;54
1997;90;18;71;53
1997;91;9;53;44
1997;92;12;53;41
1997;93;8;29;21
1997;94;2;21;19
1997;95;;;
1997;96;;;
1997;97;;;
1997;98;;;
1997;99;;;
1998;0;127;251;124
1998;1;140;305;165
1998;2;152;301;149
1998;3;131;303;172
1998;4;165;305;140
1998;5;146;309;163
1998;6;159;300;141
1998;7;163;326;163
1998;8;146;310;164
1998;9;148;305;157
1998;10;142;293;151
1998;11;159;304;145
1998;12;152;274;122
1998;13;144;271;127
1998;14;136;258;122
1998;15;145;290;145
1998;16;138;276;138
1998;17;151;273;122
1998;18;126;282;156
1998;19;130;273;143
1998;20;122;246;124
1998;21;116;222;106
1998;22;140;266;126
1998;23;96;188;92
1998;24;103;194;91
1998;25;116;209;93
1998;26;129;218;89
1998;27;97;192;95
1998;28;112;237;125
1998;29;102;234;132
1998;30;126;239;113
1998;31;116;279;163
1998;32;127;297;170
1998;33;150;313;163
1998;34;170;358;188
1998;35;197;413;216
1998;36;187;405;218
1998;37;182;378;196
1998;38;221;424;203
1998;39;211;410;199
1998;40;203;380;177
1998;41;210;397;187
1998;42;200;399;199
1998;43;186;393;207
1998;44;195;386;191
1998;45;208;363;155
1998;46;176;370;194
1998;47;193;392;199
1998;48;227;463;236
1998;49;207;462;255
1998;50;245;515;270
1998;51;244;470;226
1998;52;179;344;165
1998;53;186;403;217
1998;54;183;374;191
1998;55;136;300;164
1998;56;152;326;174
1998;57;146;323;177
1998;58;165;348;183
1998;59;125;280;155
1998;60;141;291;150
1998;61;154;304;150
1998;62;123;269;146
1998;63;106;237;131
1998;64;131;294;163
1998;65;135;292;157
1998;66;126;277;151
1998;67;131;300;169
1998;68;120;274;154
1998;69;103;246;143
1998;70;109;262;153
1998;71;111;247;136
1998;72;109;268;159
1998;73;107;289;182
1998;74;101;265;164
1998;75;103;256;153
1998;76;93;236;143
1998;77;91;236;145
1998;78;68;189;121
1998;79;54;183;129
1998;80;63;204;141
1998;81;40;151;111
1998;82;46;157;111
1998;83;51;168;117
1998;84;38;130;92
1998;85;24;130;106
1998;86;29;121;92
1998;87;21;85;64
1998;88;28;109;81
1998;89;10;65;55
1998;90;19;57;38
1998;91;12;62;50
1998;92;8;39;31
1998;93;11;39;28
1998;94;5;23;18
1998;95;;;
1998;96;;;
1998;97;;;
1998;98;;;
1998;99;;;
1999;0;166;296;130
1999;1;136;265;129
1999;2;150;323;173
1999;3;157;300;143
1999;4;136;313;177
1999;5;163;304;141
1999;6;139;307;168
1999;7;156;299;143
1999;8;165;324;159
1999;9;155;322;167
1999;10;149;305;156
1999;11;151;307;156
1999;12;158;303;145
1999;13;151;273;122
1999;14;142;270;128
1999;15;140;265;125
1999;16;143;287;144
1999;17;137;276;139
1999;18;149;261;112
1999;19;119;268;149
1999;20;121;239;118
1999;21;108;215;107
1999;22;103;204;101
1999;23;124;224;100
1999;24;83;154;71
1999;25;88;174;86
1999;26;105;191;86
1999;27;115;201;86
1999;28;97;207;110
1999;29;109;245;136
1999;30;114;246;132
1999;31;127;259;132
1999;32;123;290;167
1999;33;135;298;163
1999;34;153;329;176
1999;35;170;363;193
1999;36;192;415;223
1999;37;197;413;216
1999;38;189;389;200
1999;39;224;438;214
1999;40;213;412;199
1999;41;203;377;174
1999;42;207;394;187
1999;43;211;414;203
1999;44;182;386;204
1999;45;190;380;190
1999;46;213;373;160
1999;47;173;368;195
1999;48;188;387;199
1999;49;223;457;234
1999;50;204;454;250
1999;51;247;506;259
1999;52;240;459;219
1999;53;174;336;162
1999;54;186;396;210
1999;55;181;370;189
1999;56;134;299;165
1999;57;155;324;169
1999;58;141;311;170
1999;59;162;341;179
1999;60;125;280;155
1999;61;137;284;147
1999;62;149;298;149
1999;63;122;268;146
1999;64;106;236;130
1999;65;129;294;165
1999;66;132;292;160
1999;67;128;280;152
1999;68;127;295;168
1999;69;117;270;153
1999;70;99;240;141
1999;71;105;256;151
1999;72;108;239;131
1999;73;105;258;153
1999;74;100;278;178
1999;75;93;253;160
1999;76;93;240;147
1999;77;83;222;139
1999;78;87;229;142
1999;79;65;182;117
1999;80;54;182;128
1999;81;53;186;133
1999;82;34;138;104
1999;83;44;144;100
1999;84;46;145;99
1999;85;32;120;88
1999;86;18;112;94
1999;87;25;104;79
1999;88;17;80;63
1999;89;25;102;77
1999;90;6;57;51
1999;91;13;44;31
1999;92;14;53;39
1999;93;5;24;19
1999;94;11;30;19
1999;95;;;
1999;96;;;
1999;97;;;
1999;98;;;
1999;99;;;
2000;0;156;290;134
2000;1;176;315;139
2000;2;145;294;149
2000;3;146;327;181
2000;4;158;308;150
2000;5;147;322;175
2000;6;158;298;140
2000;7;135;300;165
2000;8;159;298;139
2000;9;168;328;160
2000;10;153;322;169
2000;11;153;313;160
2000;12;152;312;160
2000;13;158;309;151
2000;14;149;276;127
2000;15;149;283;134
2000;16;138;264;126
2000;17;145;292;147
2000;18;136;265;129
2000;19;140;246;106
2000;20;112;244;132
2000;21;120;215;95
2000;22;99;190;91
2000;23;95;185;90
2000;24;117;213;96
2000;25;81;153;72
2000;26;91;182;91
2000;27;102;192;90
2000;28;109;199;90
2000;29;100;211;111
2000;30;120;263;143
2000;31;120;256;136
2000;32;141;285;144
2000;33;124;307;183
2000;34;157;323;166
2000;35;152;330;178
2000;36;170;371;201
2000;37;201;426;225
2000;38;196;422;226
2000;39;203;415;212
2000;40;222;432;210
2000;41;214;411;197
2000;42;198;372;174
2000;43;200;390;190
2000;44;204;407;203
2000;45;184;386;202
2000;46;197;385;188
2000;47;212;370;158
2000;48;170;369;199
2000;49;190;391;201
2000;50;219;445;226
2000;51;202;449;247
2000;52;244;503;259
2000;53;242;462;220
2000;54;175;332;157
2000;55;182;389;207
2000;56;183;371;188
2000;57;131;294;163
2000;58;152;320;168
2000;59;138;310;172
2000;60;159;336;177
2000;61;125;275;150
2000;62;136;284;148
2000;63;145;295;150
2000;64;117;261;144
2000;65;104;234;130
2000;66;129;293;164
2000;67;129;285;156
2000;68;122;276;154
2000;69;128;297;169
2000;70;115;270;155
2000;71;94;230;136
2000;72;105;254;149
2000;73;106;237;131
2000;74;104;250;146
2000;75;94;267;173
2000;76;87;246;159
2000;77;87;232;145
2000;78;81;219;138
2000;79;81;211;130
2000;80;57;171;114
2000;81;45;163;118
2000;82;49;174;125
2000;83;28;125;97
2000;84;40;128;88
2000;85;39;124;85
2000;86;25;102;77
2000;87;17;99;82
2000;88;20;86;66
2000;89;13;61;48
2000;90;21;79;58
2000;91;5;41;36
2000;92;11;37;26
2000;93;9;38;29
2000;94;2;15;13
2000;95;;;
2000;96;;;
2000;97;;;
2000;98;;;
2000;99;;;
2001;0;149;280;131
2001;1;175;316;141
2001;2;178;323;145
2001;3;151;302;151
2001;4;147;335;188
2001;5;166;321;155
2001;6;144;323;179
2001;7;155;299;144
2001;8;140;310;170
2001;9;159;299;140
2001;10;165;328;163
2001;11;153;320;167
2001;12;148;302;154
2001;13;155;316;161
2001;14;159;306;147
2001;15;146;274;128
2001;16;149;284;135
2001;17;139;263;124
2001;18;148;294;146
2001;19;118;232;114
2001;20;131;226;95
2001;21;97;215;118
2001;22;110;191;81
2001;23;97;178;81
2001;24;82;160;78
2001;25;113;199;86
2001;26;75;149;74
2001;27;86;162;76
2001;28;92;185;93
2001;29;100;194;94
2001;30;102;225;123
2001;31;130;280;150
2001;32;132;293;161
2001;33;148;307;159
2001;34;134;320;186
2001;35;162;339;177
2001;36;159;346;187
2001;37;180;382;202
2001;38;196;416;220
2001;39;199;434;235
2001;40;212;425;213
2001;41;225;437;212
2001;42;213;414;201
2001;43;195;369;174
2001;44;203;391;188
2001;45;202;407;205
2001;46;180;376;196
2001;47;194;385;191
2001;48;212;371;159
2001;49;169;364;195
2001;50;193;394;201
2001;51;221;451;230
2001;52;206;457;251
2001;53;247;506;259
2001;54;244;462;218
2001;55;173;333;160
2001;56;182;388;206
2001;57;181;374;193
2001;58;131;296;165
2001;59;146;312;166
2001;60;140;311;171
2001;61;160;340;180
2001;62;127;274;147
2001;63;140;290;150
2001;64;145;294;149
2001;65;118;261;143
2001;66;99;227;128
2001;67;132;296;164
2001;68;132;287;155
2001;69;119;273;154
2001;70;127;293;166
2001;71;113;270;157
2001;72;93;230;137
2001;73;104;261;157
2001;74;106;236;130
2001;75;103;249;146
2001;76;98;268;170
2001;77;79;240;161
2001;78;77;215;138
2001;79;74;212;138
2001;80;76;197;121
2001;81;56;165;109
2001;82;42;158;116
2001;83;45;158;113
2001;84;22;117;95
2001;85;35;116;81
2001;86;38;112;74
2001;87;23;95;72
2001;88;18;91;73
2001;89;18;70;52
2001;90;11;49;38
2001;91;13;64;51
2001;92;4;32;28
2001;93;9;32;23
2001;94;9;33;24
2001;95;;;
2001;96;;;
2001;97;;;
2001;98;;;
2001;99;;;
2002;0;136;272;136
2002;1;145;286;141
2002;2;180;333;153
2002;3;178;323;145
2002;4;151;297;146
2002;5;143;331;188
2002;6;168;324;156
2002;7;144;325;181
2002;8;157;297;140
2002;9;142;314;172
2002;10;155;299;144
2002;11;165;329;164
2002;12;159;333;174
2002;13;150;301;151
2002;14;156;315;159
2002;15;158;307;149
2002;16;145;273;128
2002;17;151;283;132
2002;18;134;253;119
2002;19;132;274;142
2002;20;111;213;102
2002;21;117;191;74
2002;22;93;199;106
2002;23;99;176;77
2002;24;81;157;76
2002;25;82;150;68
2002;26;107;187;80
2002;27;77;153;76
2002;28;89;166;77
2002;29;84;193;109
2002;30;101;197;96
2002;31;119;255;136
2002;32;131;283;152
2002;33;125;275;150
2002;34;143;305;162
2002;35;136;327;191
2002;36;167;345;178
2002;37;165;355;190
2002;38;178;388;210
2002;39;191;414;223
2002;40;206;436;230
2002;41;212;429;217
2002;42;229;439;210
2002;43;211;412;201
2002;44;194;367;173
2002;45;201;392;191
2002;46;201;409;208
2002;47;185;381;196
2002;48;194;390;196
2002;49;210;368;158
2002;50;173;365;192
2002;51;191;395;204
2002;52;215;449;234
2002;53;204;449;245
2002;54;244;501;257
2002;55;239;460;221
2002;56;170;322;152
2002;57;179;382;203
2002;58;178;367;189
2002;59;132;292;160
2002;60;141;307;166
2002;61;141;305;164
2002;62;156;329;173
2002;63;122;272;150
2002;64;134;283;149
2002;65;142;290;148
2002;66;114;258;144
2002;67;95;223;128
2002;68;126;295;169
2002;69;131;286;155
2002;70;118;271;153
2002;71;120;284;164
2002;72;110;267;157
2002;73;84;219;135
2002;74;101;249;148
2002;75;98;229;131
2002;76;98;234;136
2002;77;94;256;162
2002;78;75;232;157
2002;79;73;206;133
2002;80;70;205;135
2002;81;73;186;113
2002;82;50;155;105
2002;83;39;152;113
2002;84;37;143;106
2002;85;20;108;88
2002;86;29;108;79
2002;87;31;106;75
2002;88;17;81;64
2002;89;16;79;63
2002;90;14;64;50
2002;91;9;43;34
2002;92;11;50;39
2002;93;5;29;24
2002;94;10;28;18
2002;95;;;
2002;96;;;
2002;97;;;
2002;98;;;
2002;99;;;
2003;0;123;237;114
2003;1;137;290;153
2003;2;154;295;141
2003;3;180;328;148
2003;4;174;323;149
2003;5;155;302;147
2003;6;141;330;189
2003;7;168;324;156
2003;8;142;319;177
2003;9;158;305;147
2003;10;143;312;169
2003;11;153;300;147
2003;12;169;337;168
2003;13;156;330;174
2003;14;151;311;160
2003;15;157;318;161
2003;16;161;311;150
2003;17;142;271;129
2003;18;149;282;133
2003;19;125;240;115
2003;20;114;232;118
2003;21;106;201;95
2003;22;113;189;76
2003;23;88;180;92
2003;24;82;155;73
2003;25;68;136;68
2003;26;80;150;70
2003;27;86;160;74
2003;28;71;155;84
2003;29;79;153;74
2003;30;79;190;111
2003;31;98;210;112
2003;32;131;274;143
2003;33;136;296;160
2003;34;134;295;161
2003;35;145;314;169
2003;36;145;331;186
2003;37;169;354;185
2003;38;165;354;189
2003;39;181;389;208
2003;40;199;422;223
2003;41;201;437;236
2003;42;207;420;213
2003;43;221;433;212
2003;44;206;411;205
2003;45;194;371;177
2003;46;201;392;191
2003;47;197;405;208
2003;48;183;380;197
2003;49;193;383;190
2003;50;206;363;157
2003;51;169;360;191
2003;52;186;393;207
2003;53;215;446;231
2003;54;206;450;244
2003;55;242;499;257
2003;56;236;451;215
2003;57;164;314;150
2003;58;176;379;203
2003;59;177;361;184
2003;60;131;290;159
2003;61;140;308;168
2003;62;139;300;161
2003;63;150;319;169
2003;64;124;274;150
2003;65;134;283;149
2003;66;138;285;147
2003;67;112;259;147
2003;68;94;219;125
2003;69;120;284;164
2003;70;129;282;153
2003;71;120;276;156
2003;72;113;274;161
2003;73;108;260;152
2003;74;83;214;131
2003;75;95;241;146
2003;76;90;219;129
2003;77;96;234;138
2003;78;90;253;163
2003;79;70;219;149
2003;80;72;200;128
2003;81;63;196;133
2003;82;67;181;114
2003;83;47;144;97
2003;84;41;139;98
2003;85;32;134;102
2003;86;17;95;78
2003;87;19;89;70
2003;88;29;92;63
2003;89;12;64;52
2003;90;11;67;56
2003;91;13;49;36
2003;92;6;33;27
2003;93;8;36;28
2003;94;3;22;19
2003;95;;;
2003;96;;;
2003;97;;;
2003;98;;;
2003;99;;;
2004;0;137;267;130
2004;1;141;259;118
2004;2;137;298;161
2004;3;161;303;142
2004;4;177;325;148
2004;5;173;326;153
2004;6;158;307;149
2004;7;144;329;185
2004;8;172;329;157
2004;9;141;315;174
2004;10;157;298;141
2004;11;143;323;180
2004;12;154;297;143
2004;13;175;346;171
2004;14;156;328;172
2004;15;151;316;165
2004;16;157;313;156
2004;17;163;311;148
2004;18;134;251;117
2004;19;132;243;111
2004;20;111;209;98
2004;21;112;217;105
2004;22;84;163;79
2004;23;98;171;73
2004;24;80;159;79
2004;25;76;147;71
2004;26;55;127;72
2004;27;66;138;72
2004;28;91;166;75
2004;29;59;136;77
2004;30;81;164;83
2004;31;78;191;113
2004;32;99;219;120
2004;33;128;290;162
2004;34;129;305;176
2004;35;157;320;163
2004;36;154;320;166
2004;37;155;344;189
2004;38;164;351;187
2004;39;172;363;191
2004;40;192;401;209
2004;41;196;418;222
2004;42;203;436;233
2004;43;206;408;202
2004;44;214;428;214
2004;45;210;417;207
2004;46;192;373;181
2004;47;199;392;193
2004;48;194;400;206
2004;49;179;370;191
2004;50;196;385;189
2004;51;204;358;154
2004;52;162;354;192
2004;53;189;398;209
2004;54;212;442;230
2004;55;205;450;245
2004;56;235;493;258
2004;57;233;448;215
2004;58;163;310;147
2004;59;176;379;203
2004;60;171;356;185
2004;61;131;288;157
2004;62;140;306;166
2004;63;135;301;166
2004;64;148;318;170
2004;65;126;274;148
2004;66;128;277;149
2004;67;140;290;150
2004;68;114;260;146
2004;69;97;223;126
2004;70;123;287;164
2004;71;123;276;153
2004;72;121;273;152
2004;73;109;271;162
2004;74;103;250;147
2004;75;86;219;133
2004;76;90;236;146
2004;77;86;210;124
2004;78;91;225;134
2004;79;84;245;161
2004;80;62;205;143
2004;81;71;198;127
2004;82;58;178;120
2004;83;61;168;107
2004;84;45;135;90
2004;85;32;123;91
2004;86;27;122;95
2004;87;15;85;70
2004;88;18;81;63
2004;89;21;78;57
2004;90;10;56;46
2004;91;10;49;39
2004;92;8;40;32
2004;93;5;23;18
2004;94;5;28;23
2004;95;;;
2004;96;;;
2004;97;;;
2004;98;;;
2004;99;;;
2005;0;113;244;131
2005;1;148;288;140
2005;2;144;278;134
2005;3;142;323;181
2005;4;172;307;135
2005;5;180;320;140
2005;6;169;320;151
2005;7;162;307;145
2005;8;143;330;187
2005;9;173;332;159
2005;10;138;314;176
2005;11;158;304;146
2005;12;146;328;182
2005;13;152;297;145
2005;14;175;345;170
2005;15;156;327;171
2005;16;148;312;164
2005;17;157;316;159
2005;18;154;282;128
2005;19;114;221;107
2005;20;116;206;90
2005;21;100;173;73
2005;22;92;186;94
2005;23;88;161;73
2005;24;82;148;66
2005;25;92;170;78
2005;26;72;143;71
2005;27;49;110;61
2005;28;60;119;59
2005;29;89;167;78
2005;30;59;147;88
2005;31;82;166;84
2005;32;77;202;125
2005;33;110;241;131
2005;34;134;298;164
2005;35;140;320;180
2005;36;161;345;184
2005;37;160;329;169
2005;38;157;347;190
2005;39;168;355;187
2005;40;175;366;191
2005;41;192;410;218
2005;42;197;415;218
2005;43;200;427;227
2005;44;208;412;204
2005;45;217;433;216
2005;46;208;414;206
2005;47;194;376;182
2005;48;196;387;191
2005;49;190;395;205
2005;50;187;384;197
2005;51;194;386;192
2005;52;212;366;154
2005;53;167;361;194
2005;54;182;388;206
2005;55;215;443;228
2005;56;207;452;245
2005;57;234;492;258
2005;58;236;454;218
2005;59;161;308;147
2005;60;175;374;199
2005;61;169;353;184
2005;62;131;291;160
2005;63;135;299;164
2005;64;137;304;167
2005;65;149;319;170
2005;66;127;276;149
2005;67;128;281;153
2005;68;136;286;150
2005;69;112;266;154
2005;70;93;217;124
2005;71;121;284;163
2005;72;123;275;152
2005;73;117;272;155
2005;74;108;270;162
2005;75;103;244;141
2005;76;81;210;129
2005;77;85;225;140
2005;78;81;199;118
2005;79;84;215;131
2005;80;80;240;160
2005;81;59;191;132
2005;82;69;187;118
2005;83;50;162;112
2005;84;56;167;111
2005;85;41;123;82
2005;86;28;109;81
2005;87;29;111;82
2005;88;13;65;52
2005;89;13;68;55
2005;90;21;71;50
2005;91;9;45;36
2005;92;9;42;33
2005;93;5;33;28
2005;94;4;18;14
2005;95;;;
2005;96;;;
2005;97;;;
2005;98;;;
2005;99;;;
2006;0;110;230;120
2006;1;131;262;131
2006;2;161;319;158
2006;3;144;280;136
2006;4;148;331;183
2006;5;165;307;142
2006;6;181;325;144
2006;7;166;321;155
2006;8;162;307;145
2006;9;144;332;188
2006;10;173;336;163
2006;11;145;325;180
2006;12;157;303;146
2006;13;144;322;178
2006;14;154;299;145
2006;15;176;347;171
2006;16;155;322;167
2006;17;146;309;163
2006;18;150;294;144
2006;19;134;248;114
2006;20;100;181;81
2006;21;102;180;78
2006;22;84;153;69
2006;23;78;161;83
2006;24;85;150;65
2006;25;74;136;62
2006;26;87;161;74
2006;27;59;125;66
2006;28;54;119;65
2006;29;57;130;73
2006;30;100;186;86
2006;31;64;157;93
2006;32;88;196;108
2006;33;91;220;129
2006;34;116;251;135
2006;35;135;303;168
2006;36;150;334;184
2006;37;166;354;188
2006;38;159;335;176
2006;39;164;357;193
2006;40;180;367;187
2006;41;186;385;199
2006;42;184;403;219
2006;43;191;406;215
2006;44;211;433;222
2006;45;202;402;200
2006;46;214;435;221
2006;47;207;415;208
2006;48;194;369;175
2006;49;190;381;191
2006;50;196;406;210
2006;51;182;382;200
2006;52;191;382;191
2006;53;206;358;152
2006;54;169;360;191
2006;55;177;382;205
2006;56;206;433;227
2006;57;213;458;245
2006;58;232;487;255
2006;59;238;458;220
2006;60;160;306;146
2006;61;174;372;198
2006;62;168;352;184
2006;63;131;290;159
2006;64;134;297;163
2006;65;133;298;165
2006;66;146;316;170
2006;67;126;275;149
2006;68;125;280;155
2006;69;136;285;149
2006;70;106;261;155
2006;71;93;220;127
2006;72;119;278;159
2006;73;120;270;150
2006;74;116;276;160
2006;75;112;271;159
2006;76;101;240;139
2006;77;79;208;129
2006;78;82;225;143
2006;79;75;187;112
2006;80;77;208;131
2006;81;69;219;150
2006;82;58;185;127
2006;83;65;179;114
2006;84;46;156;110
2006;85;53;153;100
2006;86;36;112;76
2006;87;25;102;77
2006;88;27;97;70
2006;89;10;61;51
2006;90;10;54;44
2006;91;18;61;43
2006;92;7;37;30
2006;93;7;31;24
2006;94;4;28;24
2006;95;;;
2006;96;;;
2006;97;;;
2006;98;;;
2006;99;;;
2007;0;105;225;120
2007;1;117;258;141
2007;2;145;275;130
2007;3;164;332;168
2007;4;156;297;141
2007;5;153;331;178
2007;6;167;305;138
2007;7;180;326;146
2007;8;165;318;153
2007;9;161;301;140
2007;10;144;334;190
2007;11;171;334;163
2007;12;143;328;185
2007;13;157;303;146
2007;14;146;322;176
2007;15;156;302;146
2007;16;174;342;168
2007;17;156;324;168
2007;18;135;279;144
2007;19;125;252;127
2007;20;116;211;95
2007;21;87;156;69
2007;22;82;148;66
2007;23;68;135;67
2007;24;69;138;69
2007;25;74;130;56
2007;26;68;121;53
2007;27;68;133;65
2007;28;53;116;63
2007;29;56;126;70
2007;30;54;137;83
2007;31;103;192;89
2007;32;75;187;112
2007;33;93;204;111
2007;34;100;231;131
2007;35;130;281;151
2007;36;155;330;175
2007;37;158;348;190
2007;38;175;376;201
2007;39;148;325;177
2007;40;159;356;197
2007;41;183;369;186
2007;42;193;388;195
2007;43;187;399;212
2007;44;191;410;219
2007;45;208;424;216
2007;46;208;404;196
2007;47;218;441;223
2007;48;210;412;202
2007;49;193;371;178
2007;50;191;383;192
2007;51;198;404;206
2007;52;183;377;194
2007;53;193;383;190
2007;54;201;356;155
2007;55;169;360;191
2007;56;174;382;208
2007;57;209;435;226
2007;58;208;457;249
2007;59;234;485;251
2007;60;228;456;228
2007;61;160;302;142
2007;62;175;377;202
2007;63;165;352;187
2007;64;131;291;160
2007;65;131;291;160
2007;66;134;301;167
2007;67;145;312;167
2007;68;124;275;151
2007;69;121;274;153
2007;70;130;279;149
2007;71;100;256;156
2007;72;95;219;124
2007;73;122;276;154
2007;74;119;274;155
2007;75;114;279;165
2007;76;103;258;155
2007;77;99;238;139
2007;78;75;204;129
2007;79;79;217;138
2007;80;73;186;113
2007;81;72;197;125
2007;82;63;199;136
2007;83;52;170;118
2007;84;56;164;108
2007;85;40;140;100
2007;86;46;141;95
2007;87;28;98;70
2007;88;22;88;66
2007;89;22;82;60
2007;90;10;55;45
2007;91;11;48;37
2007;92;13;52;39
2007;93;5;29;24
2007;94;6;28;22
2007;95;;;
2007;96;;;
2007;97;;;
2007;98;;;
2007;99;;;
2008;0;131;240;109
2008;1;137;269;132
2008;2;136;290;154
2008;3;161;305;144
2008;4;162;333;171
2008;5;163;303;140
2008;6;148;318;170
2008;7;163;304;141
2008;8;177;326;149
2008;9;174;327;153
2008;10;161;302;141
2008;11;146;333;187
2008;12;167;330;163
2008;13;147;329;182
2008;14;156;302;146
2008;15;143;320;177
2008;16;156;298;142
2008;17;172;338;166
2008;18;151;293;142
2008;19;107;219;112
2008;20;113;208;95
2008;21;109;184;75
2008;22;82;143;61
2008;23;72;132;60
2008;24;69;130;61
2008;25;70;128;58
2008;26;59;121;62
2008;27;67;119;52
2008;28;59;123;64
2008;29;54;125;71
2008;30;52;140;88
2008;31;63;152;89
2008;32;110;209;99
2008;33;82;207;125
2008;34;108;233;125
2008;35;118;263;145
2008;36;147;309;162
2008;37;167;350;183
2008;38;167;368;201
2008;39;172;372;200
2008;40;160;339;179
2008;41;166;367;201
2008;42;186;369;183
2008;43;191;388;197
2008;44;187;399;212
2008;45;199;415;216
2008;46;209;427;218
2008;47;209;405;196
2008;48;224;451;227
2008;49;210;408;198
2008;50;192;373;181
2008;51;191;382;191
2008;52;196;401;205
2008;53;182;377;195
2008;54;191;377;186
2008;55;200;359;159
2008;56;166;353;187
2008;57;166;373;207
2008;58;205;433;228
2008;59;205;451;246
2008;60;231;483;252
2008;61;228;449;221
2008;62;156;292;136
2008;63;173;366;193
2008;64;159;345;186
2008;65;125;281;156
2008;66;127;290;163
2008;67;135;305;170
2008;68;144;312;168
2008;69;122;279;157
2008;70;121;272;151
2008;71;125;275;150
2008;72;99;257;158
2008;73;96;221;125
2008;74;121;279;158
2008;75;117;272;155
2008;76;111;271;160
2008;77;104;257;153
2008;78;95;228;133
2008;79;74;200;126
2008;80;73;209;136
2008;81;69;177;108
2008;82;64;183;119
2008;83;55;184;129
2008;84;44;149;105
2008;85;54;154;100
2008;86;37;131;94
2008;87;41;123;82
2008;88;21;86;65
2008;89;16;74;58
2008;90;18;70;52
2008;91;8;49;41
2008;92;7;35;28
2008;93;5;38;33
2008;94;5;22;17
2008;95;;;
2008;96;;;
2008;97;;;
2008;98;;;
2008;99;;;
2009;0;127;242;115
2009;1;137;252;115
2009;2;138;278;140
2009;3;140;301;161
2009;4;165;321;156
2009;5;161;342;181
2009;6;166;307;141
2009;7;149;315;166
2009;8;158;299;141
2009;9;173;324;151
2009;10;175;329;154
2009;11;166;314;148
2009;12;151;337;186
2009;13;168;336;168
2009;14;146;328;182
2009;15;165;314;149
2009;16;141;321;180
2009;17;158;297;139
2009;18;166;319;153
2009;19;133;245;112
2009;20;93;187;94
2009;21;99;175;76
2009;22;108;180;72
2009;23;75;133;58
2009;24;70;132;62
2009;25;60;119;59
2009;26;67;128;61
2009;27;62;109;47
2009;28;69;131;62
2009;29;58;126;68
2009;30;54;130;76
2009;31;62;152;90
2009;32;71;173;102
2009;33;117;228;111
2009;34;93;227;134
2009;35;117;249;132
2009;36;126;287;161
2009;37;147;314;167
2009;38;168;352;184
2009;39;183;392;209
2009;40;169;366;197
2009;41;159;344;185
2009;42;165;368;203
2009;43;185;370;185
2009;44;186;394;208
2009;45;186;400;214
2009;46;194;405;211
2009;47;211;433;222
2009;48;207;399;192
2009;49;223;450;227
2009;50;205;400;195
2009;51;191;375;184
2009;52;188;381;193
2009;53;199;400;201
2009;54;186;375;189
2009;55;190;376;186
2009;56;196;353;157
2009;57;162;349;187
2009;58;163;369;206
2009;59;206;433;227
2009;60;203;447;244
2009;61;224;472;248
2009;62;226;443;217
2009;63;156;288;132
2009;64;177;369;192
2009;65;157;348;191
2009;66;127;284;157
2009;67;126;288;162
2009;68;131;305;174
2009;69;137;305;168
2009;70;119;276;157
2009;71;127;279;152
2009;72;125;272;147
2009;73;99;257;158
2009;74;98;222;124
2009;75;113;269;156
2009;76;115;269;154
2009;77;106;260;154
2009;78;96;249;153
2009;79;91;221;130
2009;80;72;188;116
2009;81;70;198;128
2009;82;59;168;109
2009;83;60;171;111
2009;84;49;167;118
2009;85;41;141;100
2009;86;45;137;92
2009;87;38;121;83
2009;88;36;109;73
2009;89;19;78;59
2009;90;12;64;52
2009;91;15;56;41
2009;92;10;49;39
2009;93;5;27;22
2009;94;4;32;28
2009;95;;;
2009;96;;;
2009;97;;;
2009;98;;;
2009;99;;;
2010;0;132;268;136
2010;1;139;270;131
2010;2;158;292;134
2010;3;151;308;157
2010;4;157;328;171
2010;5;167;332;165
2010;6;166;344;178
2010;7;175;325;150
2010;8;147;321;174
2010;9;164;311;147
2010;10;177;337;160
2010;11;172;327;155
2010;12;164;307;143
2010;13;145;335;190
2010;14;173;345;172
2010;15;151;329;178
2010;16;166;315;149
2010;17;140;319;179
2010;18;152;277;125
2010;19;142;271;129
2010;20;115;199;84
2010;21;91;180;89
2010;22;91;162;71
2010;23;106;175;69
2010;24;66;128;62
2010;25;69;129;60
2010;26;62;114;52
2010;27;64;130;66
2010;28;60;119;59
2010;29;77;145;68
2010;30;58;135;77
2010;31;58;145;87
2010;32;68;168;100
2010;33;71;183;112
2010;34;127;258;131
2010;35;104;252;148
2010;36;123;260;137
2010;37;145;327;182
2010;38;164;338;174
2010;39;176;364;188
2010;40;199;415;216
2010;41;181;391;210
2010;42;173;364;191
2010;43;168;373;205
2010;44;191;376;185
2010;45;191;397;206
2010;46;187;399;212
2010;47;198;413;215
2010;48;208;429;221
2010;49;209;407;198
2010;50;217;447;230
2010;51;206;401;195
2010;52;187;368;181
2010;53;187;379;192
2010;54;201;406;205
2010;55;185;373;188
2010;56;188;380;192
2010;57;191;352;161
2010;58;163;351;188
2010;59;165;376;211
2010;60;199;426;227
2010;61;205;449;244
2010;62;220;469;249
2010;63;224;441;217
2010;64;152;284;132
2010;65;171;366;195
2010;66;158;352;194
2010;67;123;283;160
2010;68;127;294;167
2010;69;129;303;174
2010;70;136;307;171
2010;71;124;278;154
2010;72;127;282;155
2010;73;122;269;147
2010;74;99;254;155
2010;75;94;218;124
2010;76;110;264;154
2010;77;112;270;158
2010;78;98;253;155
2010;79;94;248;154
2010;80;82;209;127
2010;81;68;176;108
2010;82;65;187;122
2010;83;54;155;101
2010;84;56;161;105
2010;85;43;147;104
2010;86;36;121;85
2010;87;40;129;89
2010;88;30;106;76
2010;89;29;94;65
2010;90;15;66;51
2010;91;12;52;40
2010;92;10;50;40
2010;93;9;35;26
2010;94;3;19;16
2010;95;;;
2010;96;;;
2010;97;;;
2010;98;;;
2010;99;;;
2011;0;112;213;101
2011;1;133;280;147
2011;2;155;303;148
2011;3;168;313;145
2011;4;157;321;164
2011;5;162;339;177
2011;6;174;343;169
2011;7;168;348;180
2011;8;180;331;151
2011;9;153;327;174
2011;10;167;316;149
2011;11;174;329;155
2011;12;170;327;157
2011;13;161;300;139
2011;14;147;338;191
2011;15;173;343;170
2011;16;152;328;176
2011;17;160;307;147
2011;18;136;296;160
2011;19;134;241;107
2011;20;123;235;112
2011;21;93;171;78
2011;22;77;169;92
2011;23;93;175;82
2011;24;107;193;86
2011;25;74;144;70
2011;26;80;149;69
2011;27;57;110;53
2011;28;67;147;80
2011;29;57;122;65
2011;30;88;164;76
2011;31;75;157;82
2011;32;71;174;103
2011;33;74;180;106
2011;34;82;198;116
2011;35;133;274;141
2011;36;113;269;156
2011;37;132;280;148
2011;38;141;325;184
2011;39;172;350;178
2011;40;175;367;192
2011;41;201;419;218
2011;42;189;404;215
2011;43;173;373;200
2011;44;171;383;212
2011;45;195;381;186
2011;46;197;408;211
2011;47;190;402;212
2011;48;205;421;216
2011;49;215;434;219
2011;50;206;408;202
2011;51;220;450;230
2011;52;209;410;201
2011;53;185;364;179
2011;54;179;369;190
2011;55;204;408;204
2011;56;186;371;185
2011;57;186;371;185
2011;58;192;354;162
2011;59;160;348;188
2011;60;162;373;211
2011;61;202;427;225
2011;62;204;444;240
2011;63;218;469;251
2011;64;220;440;220
2011;65;153;285;132
2011;66;170;370;200
2011;67;161;355;194
2011;68;125;280;155
2011;69;123;295;172
2011;70;127;308;181
2011;71;137;310;173
2011;72;127;282;155
2011;73;123;280;157
2011;74;121;266;145
2011;75;94;247;153
2011;76;90;211;121
2011;77;107;262;155
2011;78;106;260;154
2011;79;92;242;150
2011;80;92;238;146
2011;81;77;200;123
2011;82;65;168;103
2011;83;62;177;115
2011;84;51;142;91
2011;85;47;137;90
2011;86;36;135;99
2011;87;31;110;79
2011;88;34;113;79
2011;89;21;87;66
2011;90;24;80;56
2011;91;10;60;50
2011;92;9;38;29
2011;93;8;39;31
2011;94;4;24;20
2011;95;;;
2011;96;;;
2011;97;;;
2011;98;;;
2011;99;;;
2012;0;104;196;92
2012;1;127;232;105
2012;2;153;308;155
2012;3;162;318;156
2012;4;167;323;156
2012;5;161;328;167
2012;6;169;349;180
2012;7;177;348;171
2012;8;167;350;183
2012;9;183;335;152
2012;10;161;339;178
2012;11;165;312;147
2012;12;174;331;157
2012;13;171;330;159
2012;14;164;309;145
2012;15;144;337;193
2012;16;176;346;170
2012;17;153;323;170
2012;18;152;287;135
2012;19;117;248;131
2012;20;112;206;94
2012;21;108;201;93
2012;22;96;162;66
2012;23;86;177;91
2012;24;81;148;67
2012;25;99;179;80
2012;26;69;133;64
2012;27;77;152;75
2012;28;51;102;51
2012;29;65;149;84
2012;30;62;129;67
2012;31;87;165;78
2012;32;77;165;88
2012;33;78;189;111
2012;34;82;196;114
2012;35;96;223;127
2012;36;138;278;140
2012;37;120;286;166
2012;38;143;298;155
2012;39;134;315;181
2012;40;176;358;182
2012;41;179;376;197
2012;42;200;415;215
2012;43;194;409;215
2012;44;173;373;200
2012;45;172;385;213
2012;46;199;385;186
2012;47;200;407;207
2012;48;187;403;216
2012;49;205;425;220
2012;50;214;429;215
2012;51;207;408;201
2012;52;215;441;226
2012;53;206;405;199
2012;54;189;371;182
2012;55;180;365;185
2012;56;205;405;200
2012;57;183;368;185
2012;58;182;367;185
2012;59;190;353;163
2012;60;153;336;183
2012;61;161;371;210
2012;62;201;424;223
2012;63;204;442;238
2012;64;216;463;247
2012;65;217;438;221
2012;66;149;278;129
2012;67;169;365;196
2012;68;158;345;187
2012;69;121;274;153
2012;70;122;293;171
2012;71;125;305;180
2012;72;134;307;173
2012;73;120;276;156
2012;74;124;283;159
2012;75;118;261;143
2012;76;93;249;156
2012;77;90;211;121
2012;78;101;253;152
2012;79;105;261;156
2012;80;88;231;143
2012;81;89;232;143
2012;82;73;193;120
2012;83;57;155;98
2012;84;57;166;109
2012;85;44;121;77
2012;86;46;129;83
2012;87;32;121;89
2012;88;23;97;74
2012;89;30;97;67
2012;90;13;73;60
2012;91;20;62;42
2012;92;11;52;41
2012;93;7;27;20
2012;94;7;31;24
2012;95;;;
2012;96;;;
2012;97;;;
2012;98;;;
2012;99;;;
2013;0;97;190;93
2013;1;111;211;100
2013;2;139;254;115
2013;3;158;318;160
2013;4;166;325;159
2013;5;168;330;162
2013;6;161;329;168
2013;7;170;352;182
2013;8;169;341;172
2013;9;167;356;189
2013;10;182;336;154
2013;11;166;345;179
2013;12;167;318;151
2013;13;176;340;164
2013;14;175;338;163
2013;15;169;319;150
2013;16;144;341;197
2013;17;175;346;171
2013;18;138;294;156
2013;19;116;220;104
2013;20;98;199;101
2013;21;100;181;81
2013;22;107;195;88
2013;23;89;166;77
2013;24;86;171;85
2013;25;82;161;79
2013;26;96;179;83
2013;27;74;144;70
2013;28;75;160;85
2013;29;61;112;51
2013;30;73;152;79
2013;31;66;140;74
2013;32;82;156;74
2013;33;84;183;99
2013;34;83;196;113
2013;35;88;212;124
2013;36;103;241;138
2013;37;140;286;146
2013;38;127;298;171
2013;39;145;307;162
2013;40;137;331;194
2013;41;181;367;186
2013;42;188;387;199
2013;43;211;430;219
2013;44;191;412;221
2013;45;170;376;206
2013;46;170;382;212
2013;47;197;384;187
2013;48;205;411;206
2013;49;190;410;220
2013;50;205;427;222
2013;51;223;440;217
2013;52;200;402;202
2013;53;215;443;228
2013;54;202;400;198
2013;55;189;371;182
2013;56;183;369;186
2013;57;201;397;196
2013;58;187;378;191
2013;59;186;373;187
2013;60;189;349;160
2013;61;153;335;182
2013;62;159;369;210
2013;63;203;427;224
2013;64;202;441;239
2013;65;215;467;252
2013;66;214;435;221
2013;67;146;275;129
2013;68;166;356;190
2013;69;158;345;187
2013;70;118;272;154
2013;71;122;289;167
2013;72;123;298;175
2013;73;124;291;167
2013;74;118;272;154
2013;75;122;281;159
2013;76;110;252;142
2013;77;88;246;158
2013;78;87;200;113
2013;79;105;253;148
2013;80;103;252;149
2013;81;83;221;138
2013;82;78;212;134
2013;83;67;181;114
2013;84;54;149;95
2013;85;54;157;103
2013;86;40;112;72
2013;87;37;116;79
2013;88;26;111;85
2013;89;20;87;67
2013;90;27;88;61
2013;91;13;61;48
2013;92;16;47;31
2013;93;11;47;36
2013;94;7;20;13
2013;95;;;
2013;96;;;
2013;97;;;
2013;98;;;
2013;99;;;
2014;0;104;225;121
2014;1;105;214;109
2014;2;126;238;112
2014;3;146;270;124
2014;4;163;333;170
2014;5;170;332;162
2014;6;169;336;167
2014;7;167;330;163
2014;8;169;358;189
2014;9;169;337;168
2014;10;163;353;190
2014;11;184;337;153
2014;12;169;351;182
2014;13;171;324;153
2014;14;175;342;167
2014;15;172;334;162
2014;16;169;320;151
2014;17;144;338;194
2014;18;148;300;152
2014;19;116;247;131
2014;20;97;171;74
2014;21;88;172;84
2014;22;94;172;78
2014;23;106;201;95
2014;24;81;155;74
2014;25;81;163;82
2014;26;85;163;78
2014;27;94;170;76
2014;28;69;143;74
2014;29;79;166;87
2014;30;66;123;57
2014;31;72;168;96
2014;32;78;165;87
2014;33;88;173;85
2014;34;94;205;111
2014;35;92;210;118
2014;36;88;215;127
2014;37;119;268;149
2014;38;145;293;148
2014;39;134;312;178
2014;40;156;327;171
2014;41;141;331;190
2014;42;177;364;187
2014;43;187;387;200
2014;44;213;433;220
2014;45;196;414;218
2014;46;166;381;215
2014;47;172;388;216
2014;48;200;385;185
2014;49;207;416;209
2014;50;187;408;221
2014;51;201;424;223
2014;52;223;432;209
2014;53;203;405;202
2014;54;213;440;227
2014;55;200;396;196
2014;56;184;366;182
2014;57;186;372;186
2014;58;198;397;199
2014;59;183;368;185
2014;60;180;365;185
2014;61;185;347;162
2014;62;143;324;181
2014;63;153;361;208
2014;64;200;421;221
2014;65;200;442;242
2014;66;211;468;257
2014;67;210;435;225
2014;68;150;284;134
2014;69;167;358;191
2014;70;157;343;186
2014;71;118;269;151
2014;72;117;277;160
2014;73;119;291;172
2014;74;119;289;170
2014;75;116;268;152
2014;76;114;272;158
2014;77;110;250;140
2014;78;85;239;154
2014;79;85;195;110
2014;80;97;239;142
2014;81;98;247;149
2014;82;77;206;129
2014;83;74;205;131
2014;84;61;168;107
2014;85;50;146;96
2014;86;43;134;91
2014;87;38;108;70
2014;88;34;110;76
2014;89;19;97;78
2014;90;22;76;54
2014;91;20;68;48
2014;92;9;52;43
2014;93;15;42;27
2014;94;8;39;31
2014;95;;;
2014;96;;;
2014;97;;;
2014;98;;;
2014;99;;;
2015;0;106;214;108
2015;1;103;244;141
2015;2;118;250;132
2015;3;142;267;125
2015;4;155;295;140
2015;5;162;347;185
2015;6;169;339;170
2015;7;167;334;167
2015;8;167;329;162
2015;9;171;360;189
2015;10;170;331;161
2015;11;166;356;190
2015;12;187;339;152
2015;13;173;355;182
2015;14;171;323;152
2015;15;178;336;158
2015;16;175;338;163
2015;17;166;314;148
2015;18;128;289;161
2015;19;122;229;107
2015;20;98;191;93
2015;21;80;145;65
2015;22;78;169;91
2015;23;88;175;87
2015;24;94;182;88
2015;25;76;149;73
2015;26;74;154;80
2015;27;87;176;89
2015;28;85;161;76
2015;29;74;155;81
2015;30;87;187;100
2015;31;73;138;65
2015;32;75;174;99
2015;33;82;191;109
2015;34;108;219;111
2015;35;109;233;124
2015;36;108;236;128
2015;37;108;248;140
2015;38;120;271;151
2015;39;146;305;159
2015;40;147;328;181
2015;41;159;331;172
2015;42;146;335;189
2015;43;178;361;183
2015;44;186;388;202
2015;45;208;430;222
2015;46;190;411;221
2015;47;166;382;216
2015;48;173;385;212
2015;49;196;386;190
2015;50;207;423;216
2015;51;190;408;218
2015;52;199;423;224
2015;53;217;424;207
2015;54;197;400;203
2015;55;209;434;225
2015;56;205;394;189
2015;57;181;363;182
2015;58;182;374;192
2015;59;198;400;202
2015;60;184;369;185
2015;61;176;360;184
2015;62;186;345;159
2015;63;138;320;182
2015;64;153;363;210
2015;65;198;416;218
2015;66;194;432;238
2015;67;208;466;258
2015;68;208;431;223
2015;69;150;285;135
2015;70;161;348;187
2015;71;155;344;189
2015;72;121;274;153
2015;73;118;280;162
2015;74;119;289;170
2015;75;120;295;175
2015;76;117;265;148
2015;77;113;265;152
2015;78;109;247;138
2015;79;83;235;152
2015;80;77;185;108
2015;81;96;235;139
2015;82;94;234;140
2015;83;70;197;127
2015;84;67;190;123
2015;85;56;162;106
2015;86;45;133;88
2015;87;42;127;85
2015;88;30;96;66
2015;89;31;97;66
2015;90;15;82;67
2015;91;20;69;49
2015;92;17;61;44
2015;93;6;43;37
2015;94;14;36;22
2015;95;5;30;25
2015;96;4;12;8
2015;97;1;12;11
2015;98;1;9;8
2015;99;1;2;1
2016;0;114;219;105
2016;1;121;241;120
2016;2;120;287;167
2016;3;133;285;152
2016;4;156;285;129
2016;5;162;314;152
2016;6;162;349;187
2016;7;172;347;175
2016;8;171;337;166
2016;9;168;326;158
2016;10;168;357;189
2016;11;168;330;162
2016;12;159;348;189
2016;13;186;338;152
2016;14;168;352;184
2016;15;176;329;153
2016;16;183;346;163
2016;17;170;333;163
2016;18;157;300;143
2016;19;108;239;131
2016;20;94;183;89
2016;21;92;188;96
2016;22;69;127;58
2016;23;70;149;79
2016;24;84;163;79
2016;25;92;169;77
2016;26;79;150;71
2016;27;79;159;80
2016;28;85;175;90
2016;29;94;185;91
2016;30;74;161;87
2016;31;92;193;101
2016;32;78;150;72
2016;33;88;206;118
2016;34;104;232;128
2016;35;116;245;129
2016;36;118;258;140
2016;37;119;264;145
2016;38;123;265;142
2016;39;138;301;163
2016;40;154;314;160
2016;41;152;334;182
2016;42;158;336;178
2016;43;155;350;195
2016;44;182;368;186
2016;45;191;394;203
2016;46;214;430;216
2016;47;192;415;223
2016;48;165;386;221
2016;49;177;389;212
2016;50;197;387;190
2016;51;214;429;215
2016;52;185;400;215
2016;53;205;434;229
2016;54;214;417;203
2016;55;197;402;205
2016;56;204;430;226
2016;57;197;386;189
2016;58;184;359;175
2016;59;182;374;192
2016;60;195;394;199
2016;61;180;366;186
2016;62;171;350;179
2016;63;189;348;159
2016;64;139;321;182
2016;65;152;364;212
2016;66;196;419;223
2016;67;197;437;240
2016;68;205;462;257
2016;69;208;433;225
2016;70;150;286;136
2016;71;159;348;189
2016;72;150;339;189
2016;73;123;273;150
2016;74;117;283;166
2016;75;122;298;176
2016;76;121;291;170
2016;77;117;267;150
2016;78;108;260;152
2016;79;97;234;137
2016;80;79;225;146
2016;81;73;180;107
2016;82;86;223;137
2016;83;87;219;132
2016;84;59;177;118
2016;85;61;183;122
2016;86;52;156;104
2016;87;41;127;86
2016;88;38;115;77
2016;89;27;90;63
2016;90;26;85;59
2016;91;10;65;55
2016;92;13;54;41
2016;93;12;52;40
2016;94;5;29;24
2016;95;12;34;22
2016;96;5;26;21
2016;97;3;8;5
2016;98;1;13;12
2016;99;1;5;4
2017;0;131;243;112
2017;1;131;246;115
2017;2;144;282;138
2017;3;131;306;175
2017;4;145;306;161
2017;5;174;309;135
2017;6;165;328;163
2017;7;170;357;187
2017;8;174;352;178
2017;9;170;331;161
2017;10;165;331;166
2017;11;170;356;186
2017;12;169;340;171
2017;13;158;345;187
2017;14;182;341;159
2017;15;166;348;182
2017;16;178;326;148
2017;17;185;345;160
2017;18;170;318;148
2017;19;143;264;121
2017;20;97;197;100
2017;21;80;164;84
2017;22;85;176;91
2017;23;67;123;56
2017;24;87;150;63
2017;25;86;165;79
2017;26;86;162;76
2017;27;69;148;79
2017;28;73;155;82
2017;29;78;176;98
2017;30;91;187;96
2017;31;82;171;89
2017;32;100;208;108
2017;33;79;151;72
2017;34;98;233;135
2017;35;127;277;150
2017;36;130;266;136
2017;37;133;289;156
2017;38;134;288;154
2017;39;125;275;150
2017;40;141;305;164
2017;41;158;320;162
2017;42;161;347;186
2017;43;169;355;186
2017;44;160;351;191
2017;45;186;370;184
2017;46;200;404;204
2017;47;208;426;218
2017;48;194;421;227
2017;49;167;392;225
2017;50;172;372;200
2017;51;200;395;195
2017;52;206;418;212
2017;53;180;386;206
2017;54;201;426;225
2017;55;213;421;208
2017;56;192;394;202
2017;57;204;425;221
2017;58;191;383;192
2017;59;184;362;178
2017;60;180;369;189
2017;61;195;394;199
2017;62;182;367;185
2017;63;165;344;179
2017;64;187;345;158
2017;65;139;322;183
2017;66;148;364;216
2017;67;188;411;223
2017;68;197;432;235
2017;69;200;455;255
2017;70;207;428;221
2017;71;141;270;129
2017;72;159;345;186
2017;73;148;334;186
2017;74;120;268;148
2017;75;116;285;169
2017;76;120;296;176
2017;77;114;281;167
2017;78;110;260;150
2017;79;105;257;152
2017;80;95;223;128
2017;81;77;219;142
2017;82;74;170;96
2017;83;80;210;130
2017;84;79;203;124
2017;85;55;163;108
2017;86;62;170;108
2017;87;46;141;95
2017;88;35;108;73
2017;89;29;93;64
2017;90;20;81;61
2017;91;23;73;50
2017;92;9;53;44
2017;93;9;45;36
2017;94;8;43;35
2017;95;6;29;23
2017;96;9;26;17
2017;97;4;23;19
2017;98;2;6;4
2017;99;1;11;10
2018;0;108;225;117
2018;1;147;275;128
2018;2;149;280;131
2018;3;148;303;155
2018;4;146;328;182
2018;5;153;317;164
2018;6;179;319;140
2018;7;167;331;164
2018;8;171;364;193
2018;9;171;348;177
2018;10;174;333;159
2018;11;163;327;164
2018;12;169;354;185
2018;13;170;337;167
2018;14;161;343;182
2018;15;178;342;164
2018;16;170;351;181
2018;17;181;328;147
2018;18;177;329;152
2018;19;155;274;119
2018;20;124;221;97
2018;21;92;182;90
2018;22;79;164;85
2018;23;79;154;75
2018;24;61;127;66
2018;25;80;139;59
2018;26;83;157;74
2018;27;83;167;84
2018;28;76;161;85
2018;29;85;161;76
2018;30;83;184;101
2018;31;94;190;96
2018;32;86;187;101
2018;33;108;232;124
2018;34;86;174;88
2018;35;113;254;141
2018;36;141;302;161
2018;37;139;295;156
2018;38;142;302;160
2018;39;143;306;163
2018;40;138;287;149
2018;41;142;313;171
2018;42;155;320;165
2018;43;156;348;192
2018;44;179;372;193
2018;45;167;362;195
2018;46;189;371;182
2018;47;199;403;204
2018;48;208;423;215
2018;49;192;415;223
2018;50;166;383;217
2018;51;179;382;203
2018;52;197;386;189
2018;53;204;415;211
2018;54;180;384;204
2018;55;196;423;227
2018;56;203;411;208
2018;57;191;388;197
2018;58;200;424;224
2018;59;190;380;190
2018;60;190;359;169
2018;61;176;364;188
2018;62;194;394;200
2018;63;183;366;183
2018;64;162;341;179
2018;65;180;343;163
2018;66;138;316;178
2018;67;149;362;213
2018;68;183;404;221
2018;69;193;429;236
2018;70;192;446;254
2018;71;195;414;219
2018;72;140;269;129
2018;73;159;344;185
2018;74;150;334;184
2018;75;118;275;157
2018;76;114;282;168
2018;77;123;296;173
2018;78;109;269;160
2018;79;107;255;148
2018;80;105;253;148
2018;81;90;208;118
2018;82;77;214;137
2018;83;66;161;95
2018;84;75;200;125
2018;85;71;188;117
2018;86;46;151;105
2018;87;56;158;102
2018;88;43;128;85
2018;89;28;100;72
2018;90;29;86;57
2018;91;19;69;50
2018;92;17;56;39
2018;93;11;46;35
2018;94;6;40;34
2018;95;9;36;27
2018;96;1;17;16
2018;97;4;16;12
2018;98;2;17;15
2018;99;2;4;2
2019;0;118;237;119
2019;1;121;253;132
2019;2;166;313;147
2019;3;154;297;143
2019;4;159;325;166
2019;5;151;346;195
2019;6;163;330;167
2019;7;184;328;144
2019;8;175;345;170
2019;9;172;363;191
2019;10;164;340;176
2019;11;179;339;160
2019;12;167;326;159
2019;13;170;357;187
2019;14;169;327;158
2019;15;161;341;180
2019;16;180;335;155
2019;17;168;345;177
2019;18;175;313;138
2019;19;156;288;132
2019;20;138;230;92
2019;21;111;202;91
2019;22;93;188;95
2019;23;84;164;80
2019;24;74;156;82
2019;25;70;140;70
2019;26;78;145;67
2019;27;76;152;76
2019;28;84;168;84
2019;29;69;160;91
2019;30;87;171;84
2019;31;94;200;106
2019;32;99;208;109
2019;33;101;208;107
2019;34;120;253;133
2019;35;90;186;96
2019;36;131;280;149
2019;37;146;319;173
2019;38;161;325;164
2019;39;150;325;175
2019;40;150;317;167
2019;41;150;308;158
2019;42;145;320;175
2019;43;164;334;170
2019;44;161;356;195
2019;45;175;366;191
2019;46;169;359;190
2019;47;193;378;185
2019;48;200;403;203
2019;49;214;430;216
2019;50;187;404;217
2019;51;171;386;215
2019;52;185;387;202
2019;53;191;383;192
2019;54;197;409;212
2019;55;178;380;202
2019;56;200;425;225
2019;57;203;412;209
2019;58;189;373;184
2019;59;199;420;221
2019;60;188;371;183
2019;61;184;357;173
2019;62;179;362;183
2019;63;195;392;197
2019;64;175;354;179
2019;65;159;338;179
2019;66;174;334;160
2019;67;139;318;179
2019;68;146;360;214
2019;69;180;396;216
2019;70;182;413;231
2019;71;196;451;255
2019;72;189;408;219
2019;73;133;262;129
2019;74;157;342;185
2019;75;146;330;184
2019;76;110;262;152
2019;77;120;281;161
2019;78;118;290;172
2019;79;109;265;156
2019;80;103;248;145
2019;81;103;248;145
2019;82;88;198;110
2019;83;75;205;130
2019;84;62;153;91
2019;85;72;196;124
2019;86;67;170;103
2019;87;42;137;95
2019;88;48;139;91
2019;89;36;117;81
2019;90;22;90;68
2019;91;24;74;50
2019;92;16;58;42
2019;93;14;44;30
2019;94;6;34;28
2019;95;3;34;31
2019;96;3;23;20
2019;97;1;17;16
2019;98;3;13;10
2019;99;3;15;12
2020;0;100;222;122
2020;1;125;256;131
2020;2;132;282;150
2020;3;176;322;146
2020;4;171;321;150
2020;5;160;332;172
2020;6;154;348;194
2020;7;169;332;163
2020;8;182;332;150
2020;9;177;346;169
2020;10;179;368;189
2020;11;161;342;181
2020;12;184;350;166
2020;13;168;331;163
2020;14;173;358;185
2020;15;169;326;157
2020;16;161;336;175
2020;17;178;328;150
2020;18;161;325;164
2020;19;156;279;123
2020;20;131;231;100
2020;21;112;203;91
2020;22;101;182;81
2020;23;89;175;86
2020;24;73;160;87
2020;25;66;145;79
2020;26;70;147;77
2020;27;84;159;75
2020;28;76;156;80
2020;29;79;161;82
2020;30;77;168;91
2020;31;87;181;94
2020;32;104;213;109
2020;33;103;222;119
2020;34;118;227;109
2020;35;126;266;140
2020;36;103;206;103
2020;37;130;291;161
2020;38;139;319;180
2020;39;162;339;177
2020;40;162;338;176
2020;41;156;325;169
2020;42;152;310;158
2020;43;152;329;177
2020;44;172;349;177
2020;45;164;369;205
2020;46;171;360;189
2020;47;173;357;184
2020;48;193;376;183
2020;49;200;405;205
2020;50;206;423;217
2020;51;185;397;212
2020;52;177;386;209
2020;53;183;385;202
2020;54;190;379;189
2020;55;197;398;201
2020;56;170;358;188
2020;57;198;416;218
2020;58;197;404;207
2020;59;182;365;183
2020;60;193;412;219
2020;61;188;370;182
2020;62;181;354;173
2020;63;177;360;183
2020;64;193;391;198
2020;65;172;352;180
2020;66;160;335;175
2020;67;172;330;158
2020;68;137;314;177
2020;69;145;358;213
2020;70;176;392;216
2020;71;179;405;226
2020;72;189;442;253
2020;73;185;403;218
2020;74;130;257;127
2020;75;155;337;182
2020;76;141;328;187
2020;77;113;265;152
2020;78;117;274;157
2020;79;110;280;170
2020;80;106;258;152
2020;81;98;237;139
2020;82;101;242;141
2020;83;82;188;106
2020;84;70;195;125
2020;85;52;137;85
2020;86;66;176;110
2020;87;54;152;98
2020;88;37;124;87
2020;89;42;122;80
2020;90;30;99;69
2020;91;22;82;60
2020;92;21;66;45
2020;93;13;42;29
2020;94;9;35;26
2020;95;3;28;25
2020;96;3;26;23
2020;97;1;17;16
2020;98;1;11;10
2020;99;3;7;4
2021;0;113;227;114
2021;1;131;275;144
2021;2;142;297;155
2021;3;151;317;166
2021;4;187;338;151
2021;5;179;334;155
2021;6;168;341;173
2021;7;158;354;196
2021;8;173;338;165
2021;9;191;343;152
2021;10;180;353;173
2021;11;184;384;200
2021;12;160;339;179
2021;13;186;363;177
2021;14;171;336;165
2021;15;176;360;184
2021;16;176;334;158
2021;17;161;338;177
2021;18;175;313;138
2021;19;137;273;136
2021;20;127;226;99
2021;21;119;205;86
2021;22;98;180;82
2021;23;91;169;78
2021;24;81;148;67
2021;25;71;148;77
2021;26;78;151;73
2021;27;72;141;69
2021;28;80;146;66
2021;29;81;165;84
2021;30;76;164;88
2021;31;84;189;105
2021;32;94;204;110
2021;33;122;247;125
2021;34;113;256;143
2021;35;136;269;133
2021;36;138;292;154
2021;37;113;235;122
2021;38;138;305;167
2021;39;151;337;186
2021;40;176;360;184
2021;41;173;354;181
2021;42;170;350;180
2021;43;158;331;173
2021;44;163;344;181
2021;45;173;352;179
2021;46;160;365;205
2021;47;167;351;184
2021;48;179;370;191
2021;49;200;384;184
2021;50;203;398;195
2021;51;209;421;212
2021;52;192;406;214
2021;53;178;383;205
2021;54;184;394;210
2021;55;189;386;197
2021;56;194;400;206
2021;57;168;349;181
2021;58;202;413;211
2021;59;190;395;205
2021;60;182;365;183
2021;61;190;408;218
2021;62;187;372;185
2021;63;178;349;171
2021;64;173;356;183
2021;65;183;379;196
2021;66;172;351;179
2021;67;160;334;174
2021;68;172;331;159
2021;69;137;317;180
2021;70;148;354;206
2021;71;176;398;222
2021;72;180;403;223
2021;73;187;437;250
2021;74;188;406;218
2021;75;128;258;130
2021;76;154;334;180
2021;77;141;327;186
2021;78;103;254;151
2021;79;111;263;152
2021;80;99;257;158
2021;81;97;246;149
2021;82;93;229;136
2021;83;101;240;139
2021;84;75;178;103
2021;85;65;185;120
2021;86;49;119;70
2021;87;57;157;100
2021;88;52;142;90
2021;89;35;116;81
2021;90;35;111;76
2021;91;27;89;62
2021;92;16;60;44
2021;93;18;60;42
2021;94;6;27;21
2021;95;4;23;19
2021;96;1;17;16
2021;97;2;19;17
2021;98;1;14;13
2021;99;1;7;6
2022;0;114;233;119
2022;1;128;258;130
2022;2;137;290;153
2022;3;150;313;163
2022;4;152;324;172
2022;5;193;347;154
2022;6;184;342;158
2022;7;169;348;179
2022;8;161;363;202
2022;9;176;339;163
2022;10;195;349;154
2022;11;173;354;181
2022;12;175;377;202
2022;13;157;333;176
2022;14;200;375;175
2022;15;174;342;168
2022;16;174;358;184
2022;17;175;324;149
2022;18;149;319;170
2022;19;154;270;116
2022;20;111;211;100
2022;21;117;199;82
2022;22;104;178;74
2022;23;87;156;69
2022;24;81;153;72
2022;25;75;135;60
2022;26;68;160;92
2022;27;80;153;73
2022;28;73;143;70
2022;29;84;158;74
2022;30;81;178;97
2022;31;73;176;103
2022;32;96;212;116
2022;33;104;216;112
2022;34;140;266;126
2022;35;122;273;151
2022;36;141;286;145
2022;37;150;320;170
2022;38;123;257;134
2022;39;147;313;166
2022;40;163;359;196
2022;41;175;367;192
2022;42;179;357;178
2022;43;175;359;184
2022;44;157;334;177
2022;45;163;347;184
2022;46;179;357;178
2022;47;163;362;199
2022;48;165;347;182
2022;49;169;355;186
2022;50;190;372;182
2022;51;197;389;192
2022;52;210;425;215
2022;53;191;402;211
2022;54;179;384;205
2022;55;182;392;210
2022;56;187;375;188
2022;57;193;400;207
2022;58;167;345;178
2022;59;198;411;213
2022;60;188;388;200
2022;61;184;367;183
2022;62;190;409;219
2022;63;184;371;187
2022;64;178;346;168
2022;65;175;359;184
2022;66;178;372;194
2022;67;169;349;180
2022;68;153;326;173
2022;69;167;327;160
2022;70;138;320;182
2022;71;145;352;207
2022;72;175;399;224
2022;73;180;400;220
2022;74;184;435;251
2022;75;189;401;212
2022;76;128;256;128
2022;77;145;326;181
2022;78;130;308;178
2022;79;103;252;149
2022;80;107;253;146
2022;81;96;245;149
2022;82;95;246;151
2022;83;87;218;131
2022;84;94;227;133
2022;85;69;160;91
2022;86;64;179;115
2022;87;42;108;66
2022;88;52;140;88
2022;89;41;124;83
2022;90;28;99;71
2022;91;30;102;72
2022;92;23;73;50
2022;93;14;52;38
2022;94;13;45;32
2022;95;3;20;17
2022;96;3;16;13
2022;97;1;14;13
2022;98;0;14;14
2022;99;0;6;6
2023;0;97;197;100
2023;1;135;263;128
2023;2;128;280;152
2023;3;147;307;160
2023;4;158;336;178
2023;5;158;332;174
2023;6;200;359;159
2023;7;186;346;160
2023;8;170;350;180
2023;9;162;369;207
2023;10;179;341;162
2023;11;197;352;155
2023;12;175;360;185
2023;13;177;378;201
2023;14;162;339;177
2023;15;189;366;177
2023;16;172;342;170
2023;17;173;355;182
2023;18;167;307;140
2023;19;147;289;142
2023;20;127;231;104
2023;21;98;198;100
2023;22;112;187;75
2023;23;106;188;82
2023;24;85;165;80
2023;25;85;155;70
2023;26;74;139;65
2023;27;74;160;86
2023;28;88;164;76
2023;29;90;163;73
2023;30;80;164;84
2023;31;78;182;104
2023;32;83;193;110
2023;33;103;230;127
2023;34;108;237;129
2023;35;142;283;141
2023;36;123;294;171
2023;37;154;314;160
2023;38;159;339;180
2023;39;128;264;136
2023;40;160;330;170
2023;41;164;364;200
2023;42;179;367;188
2023;43;187;367;180
2023;44;177;358;181
2023;45;161;345;184
2023;46;162;349;187
2023;47;178;360;182
2023;48;162;359;197
2023;49;161;346;185
2023;50;167;357;190
2023;51;190;372;182
2023;52;195;392;197
2023;53;219;434;215
2023;54;194;401;207
2023;55;179;381;202
2023;56;178;394;216
2023;57;189;377;188
2023;58;192;401;209
2023;59;173;354;181
2023;60;197;415;218
2023;61;193;397;204
2023;62;182;364;182
2023;63;188;407;219
2023;64;183;367;184
2023;65;175;343;168
2023;66;175;359;184
2023;67;179;370;191
2023;68;164;342;178
2023;69;152;322;170
2023;70;163;321;158
2023;71;135;324;189
2023;72;144;350;206
2023;73;169;390;221
2023;74;178;394;216
2023;75;179;430;251
2023;76;182;399;217
2023;77;121;247;126
2023;78;135;322;187
2023;79;131;314;183
2023;80;100;245;145
2023;81;105;248;143
2023;82;95;238;143
2023;83;85;230;145
2023;84;84;210;126
2023;85;84;216;132
2023;86;63;155;92
2023;87;56;163;107
2023;88;34;91;57
2023;89;37;114;77
2023;90;39;122;83
2023;91;23;81;58
2023;92;26;85;59
2023;93;16;63;47
2023;94;12;42;30
2023;95;9;27;18
2023;96;2;13;11
2023;97;2;12;10
2023;98;2;9;7
2023;99;0;4;4
2024;0;104;214;110
2024;1;108;210;102
2024;2;141;277;136
2024;3;134;288;154
2024;4;155;313;158
2024;5;161;335;174
2024;6;161;331;170
2024;7;201;360;159
2024;8;201;363;162
2024;9;172;357;185
2024;10;162;374;212
2024;11;182;339;157
2024;12;200;359;159
2024;13;173;359;186
2024;14;183;389;206
2024;15;169;348;179
2024;16;192;370;178
2024;17;171;343;172
2024;18;154;316;162
2024;19;118;224;106
2024;20;111;217;106
2024;21;102;170;68
2024;22;88;172;84
2024;23;99;170;71
2024;24;100;184;84
2024;25;78;150;72
2024;26;91;165;74
2024;27;82;150;68
2024;28;74;155;81
2024;29;93;185;92
2024;30;92;166;74
2024;31;91;181;90
2024;32;80;188;108
2024;33;99;212;113
2024;34;107;247;140
2024;35;113;252;139
2024;36;154;296;142
2024;37;123;296;173
2024;38;159;323;164
2024;39;166;355;189
2024;40;137;280;143
2024;41;152;329;177
2024;42;173;373;200
2024;43;180;373;193
2024;44;188;370;182
2024;45;177;356;179
2024;46;164;343;179
2024;47;169;355;186
2024;48;175;360;185
2024;49;169;364;195
2024;50;159;347;188
2024;51;171;359;188
2024;52;187;372;185
2024;53;196;389;193
2024;54;216;435;219
2024;55;196;396;200
2024;56;177;377;200
2024;57;178;386;208
2024;58;191;372;181
2024;59;181;390;209
2024;60;176;357;181
2024;61;195;406;211
2024;62;187;387;200
2024;63;180;361;181
2024;64;185;398;213
2024;65;178;364;186
2024;66;174;346;172
2024;67;169;354;185
2024;68;173;363;190
2024;69;161;332;171
2024;70;149;318;169
2024;71;163;317;154
2024;72;130;318;188
2024;73;140;337;197
2024;74;166;385;219
2024;75;172;385;213
2024;76;174;414;240
2024;77;177;394;217
2024;78;120;246;126
2024;79;133;308;175
2024;80;129;307;178
2024;81;90;235;145
2024;82;99;240;141
2024;83;85;227;142
2024;84;86;220;134
2024;85;82;198;116
2024;86;79;200;121
2024;87;60;144;84
2024;88;52;153;101
2024;89;31;84;53
2024;90;28;94;66
2024;91;31;102;71
2024;92;23;75;52
2024;93;24;68;44
2024;94;13;49;36
2024;95;9;30;21
2024;96;5;19;14
2024;97;2;12;10
2024;98;0;4;4
2024;99;1;7;6
(leeg);(leeg);;;
Eindtotaal;;457003;974676;517673
Totaal (leeg);;;;
Totaal 1988;;12174;26215;14041
Totaal 1989;;12194;26256;14062
Totaal 1990;;12220;26288;14068
Totaal 1991;;12420;26607;14187
Totaal 1992;;12337;26547;14210
Totaal 1993;;12270;26355;14085
Totaal 1994;;12221;26251;14030
Totaal 1995;;12177;26134;13957
Totaal 1996;;12194;26150;13956
Totaal 1997;;12204;26218;14014
Totaal 1998;;12107;25974;13867
Totaal 1999;;12073;25821;13748
Totaal 2000;;12119;25827;13708
Totaal 2001;;12203;25956;13753
Totaal 2002;;12117;25835;13718
Totaal 2003;;12003;25687;13684
Totaal 2004;;11966;25598;13632
Totaal 2005;;11985;25589;13604
Totaal 2006;;11976;25600;13624
Totaal 2007;;11931;25517;13586
Totaal 2008;;12013;25560;13547
Totaal 2009;;12041;25614;13573
Totaal 2010;;12204;25986;13782
Totaal 2011;;12316;26228;13912
Totaal 2012;;12342;26172;13830
Totaal 2013;;12362;26246;13884
Totaal 2014;;12346;26296;13950
Totaal 2015;;12383;26469;14086
Totaal 2016;;12516;26758;14242
Totaal 2017;;12659;26925;14266
Totaal 2018;;12757;27067;14310
Totaal 2019;;12899;27277;14378
Totaal 2020;;12873;27219;14346
Totaal 2021;;13074;27532;14458
Totaal 2022;;13074;27544;14470
Totaal 2023;;13142;27771;14629
Totaal 2024;;13111;27587;14476
